227
225
221
221
219
213
207
219
231
237
239
235
235
225
225
223
221
213
231
231
221
225
211
227
225
229
227
245
233
239
221
217
221
231
217
223
231
249
235
203
229
231
215
217
217
211
211
217
225
215
229
235
239
215
217
207
219
229
223
209
217
227
239
221
227
205
241
231
241
219
209
243
245
237
231
235
227
223
223
231
233
225
213
225
239
229
211
229
231
225
241
213
223
229
213
235
235
223
229
205
233
219
221
219
219
215
221
255
217
215
241
221
209
239
225
237
233
215
231
227
213
225
223
233
221
211
231
229
237
217
245
227
229
215
233
221
209
229
233
225
245
221
231
239
217
243
235
225
233
219
227
223
241
213
215
223
239
221
213
209
235
213
231
227
217
251
251
219
223
215
223
241
223
235
225
217
247
211
235
219
229
223
243
217
231
215
225
225
227
227
231
219
219
219
221
227
237
223
239
205
201
225
235
219
201
219
211
203
229
229
219
223
237
233
223
213
235
237
245
215
219
225
207
213
243
217
233
237
241
213
217
225
249
225
215
207
233
221
227
223
239
229
227
235
233
227
235
217
235
227
237
235
201
217
231
231
217
205
217
215
231
245
237
233
223
225
227
233
207
221
219
217
235
233
227
217
237
213
231
225
197
231
223
225
215
207
237
215
223
219
227
255
225
237
227
209
223
217
229
225
219
237
221
221
229
227
239
223
223
227
249
219
209
217
219
223
243
237
213
225
223
211
225
215
221
227
223
215
223
223
231
223
227
223
243
235
223
209
223
225
225
243
225
231
227
223
225
249
211
237
225
241
201
215
265
219
241
223
215
235
229
223
217
207
233
227
223
247
239
217
211
217
239
225
221
231
235
225
249
235
213
223
225
217
227
235
221
211
225
229
233
213
225
221
231
219
223
239
215
227
235
221
209
241
231
217
221
231
217
213
223
231
227
237
233
217
227
231
223
243
207
215
241
239
235
239
217
221
213
225
235
229
207
215
219
235
227
225
221
217
219
211
221
253
217
227
225
233
225
215
221
219
219
231
205
231
229
225
215
225
221
219
239
231
225
225
227
231
223
217
219
227
227
201
235
235
215
235
231
215
229
215
203
219
227
223
227
221
211
221
241
225
233
249
217
241
239
223
221
225
215
247
221
227
227
231
241
239
223
219
239
223
233
237
221
227
231
227
215
225
221
239
213
221
245
215
219
211
209
219
237
231
231
243
233
221
233
243
223
229
197
235
209
205
223
231
213
215
221
215
225
239
229
227
215
233
221
219
267
223
225
225
231
219
209
241
227
223
241
223
231
233
237
229
229
249
225
243
219
221
235
233
225
225
235
213
207
213
223
243
237
227
235
227
219
227
233
217
231
223
225
225
217
217
227
229
209
195
217
263
247
219
223
225
223
217
245
239
225
215
207
243
215
207
231
199
219
229
229
223
229
201
241
203
211
213
223
223
231
213
229
225
225
233
235
217
231
225
237
221
241
217
219
217
231
227
227
229
245
235
235
229
207
237
215
225
221
217
197
209
233
235
219
237
221
225
225
227
229
229
213
223
223
237
221
221
231
231
225
229
215
233
227
211
241
207
227
223
235
219
221
227
227
223
243
249
237
229
223
229
227
223
217
221
217
235
225
227
217
213
211
243
237
227
231
241
227
227
223
231
237
217
231
225
221
229
201
237
229
221
225
217
223
223
229
241
229
223
227
235
225
239
227
225
197
227
231
227
233
235
229
243
227
225
237
221
225
211
215
233
203
235
235
229
217
225
217
239
231
229
229
233
213
227
227
215
239
239
229
237
233
223
235
225
229
227
221
223
215
227
203
241
239
209
223
219
207
233
225
247
241
231
227
243
231
235
225
239
229
249
231
235
221
219
223
237
235
233
235
229
221
231
233
249
217
235
215
229
227
245
209
241
201
211
221
223
231
237
221
215
237
237
233
217
245
235
223
227
213
225
259
239
237
223
227
241
229
217
239
239
245
227
231
235
241
215
227
239
247
223
221
225
235
211
233
237
221
221
213
209
209
227
219
227
225
249
215
215
235
231
211
239
219
229
219
219
239
241
215
205
231
239
237
233
221
241
221
221
219
227
219
227
233
237
221
233
217
219
233
229
227
231
235
245
219
223
233
231
233
217
221
211
229
227
231
225
225
227
239
219
239
213
251
243
227
229
233
217
241
213
239
211
225
241
211
251
237
229
219
235
227
215
223
227
221
223
221
221
219
229
227
225
229
217
219
221
223
243
235
225
221
231
231
201
215
229
231
239
237
231
