45
42
41
44
34
38
47
37
34
34
40
38
38
44
40
41
35
39
45
41
37
40
46
42
41
35
39
39
44
36
40
41
43
41
38
41
39
43
40
40
40
37
42
43
42
39
39
38
40
39
41
40
39
37
41
43
41
39
45
38
36
36
43
39
40
44
39
40
41
41
42
39
43
41
43
31
42
39
39
46
40
39
41
40
34
38
37
42
37
40
34
36
36
43
49
35
35
45
41
36
36
39
32
37
49
42
42
43
40
37
44
39
34
37
41
40
34
36
42
45
42
35
43
42
38
33
38
41
40
40
41
39
39
36
38
35
41
38
33
45
40
43
45
37
33
44
45
45
34
43
48
45
38
44
37
40
41
37
41
37
43
36
41
35
40
45
45
41
41
37
41
40
44
44
29
43
45
40
39
40
36
38
44
41
39
42
40
45
45
39
39
45
43
36
45
35
42
40
41
41
48
38
34
41
40
42
36
42
37
40
46
37
40
45
37
40
40
37
39
42
38
46
39
33
41
43
42
43
44
42
36
45
41
36
37
37
45
38
41
42
40
40
39
42
38
41
47
43
43
40
42
46
47
42
42
36
34
42
38
35
40
47
44
39
31
38
40
36
37
40
34
38
40
40
39
37
38
38
39
45
36
38
37
46
42
38
44
41
38
33
41
44
39
39
41
40
37
38
40
41
42
41
40
40
33
37
38
51
42
34
38
44
38
40
39
37
33
40
40
38
30
42
38
40
46
43
41
40
36
41
34
34
40
45
43
44
37
41
39
41
41
36
36
35
40
52
46
38
42
43
43
44
43
42
39
41
31
45
43
43
41
42
44
36
36
34
38
45
36
42
40
43
37
35
42
39
42
44
36
42
42
42
38
41
38
39
39
47
38
37
35
37
38
40
32
34
45
39
40
37
45
41
37
37
36
40
41
38
41
39
40
42
44
42
43
39
36
40
43
43
38
43
39
37
41
34
41
40
37
32
42
41
43
39
37
32
49
35
47
44
39
39
41
40
45
39
40
40
40
41
44
39
45
33
37
39
38
38
40
39
40
42
36
45
38
39
40
36
44
41
41
41
44
41
40
48
34
39
36
40
45
37
40
37
42
37
35
42
33
37
35
41
47
47
39
41
39
38
36
41
36
36
39
38
41
33
40
33
35
41
36
39
41
42
35
37
37
39
38
40
44
36
36
38
39
37
39
39
37
32
42
34
41
40
40
42
42
37
41
42
42
42
36
35
43
45
40
39
36
38
38
39
40
39
50
43
45
37
36
41
41
33
37
38
31
41
36
40
37
37
40
37
43
43
39
37
42
41
39
38
35
37
40
38
40
42
41
36
42
40
43
37
36
42
47
44
43
40
42
39
42
41
41
42
42
42
43
41
39
38
49
37
47
44
40
38
45
40
39
43
36
41
39
40
40
39
47
39
37
39
44
45
40
46
42
37
37
48
43
41
34
44
40
43
35
33
36
35
37
41
31
45
37
42
42
44
39
40
42
37
34
35
39
41
36
40
35
39
38
34
38
37
34
40
34
40
40
41
39
34
38
42
35
42
40
42
37
40
43
43
37
38
39
44
34
40
36
41
37
48
41
38
37
45
41
41
39
38
41
41
45
41
41
38
41
38
39
46
34
38
43
39
39
44
43
39
41
42
40
35
40
41
38
50
37
39
45
41
41
39
40
40
44
41
36
36
45
45
45
48
39
44
40
41
38
37
43
42
40
42
37
39
33
36
38
47
39
37
34
42
42
45
33
40
41
34
43
36
36
41
39
35
40
42
41
37
37
40
43
47
45
36
47
35
41
43
41
38
43
40
41
38
46
32
41
38
41
36
36
41
42
38
39
42
44
44
39
41
42
39
38
40
38
37
38
40
37
42
32
35
40
37
38
38
44
43
41
42
40
37
41
37
37
39
39
40
47
38
42
43
44
46
44
44
40
41
41
40
37
45
36
37
35
48
42
37
45
39
46
37
33
45
37
42
38
38
38
42
33
45
39
48
36
43
35
44
39
35
38
40
40
39
30
41
40
33
40
35
41
40
36
39
37
40
41
45
41
31
42
34
45
44
35
40
39
47
37
37
41
34
37
50
42
35
42
35
33
36
36
39
39
41
43
42
40
38
44
40
42
38
43
40
42
34
40
40
39
50
45
42
41
39
40
42
39
42
35
42
44
40
35
36
38
44
39
35
41
41
38
33
37
39
36
45
41
45
46
43
36
40
37
36
43
35
34
42
42
42
43
38
38
38
38
36
33
40
39
42
33
42
