116
111
106
114
114
124
114
96
100
108
101
111
104
110
119
118
110
102
107
117
110
116
103
111
109
110
105
108
115
116
109
121
98
112
101
112
107
111
105
101
99
108
110
109
107
109
111
106
113
103
92
107
103
117
118
110
119
118
108
117
104
107
108
113
105
105
115
103
119
110
105
112
117
111
117
103
99
107
122
107
111
109
106
106
117
98
106
104
109
118
108
98
110
104
111
112
107
109
110
105
106
114
104
111
112
113
112
102
110
114
119
111
100
108
107
117
104
113
105
103
111
109
112
105
108
106
107
110
115
112
109
109
112
102
110
116
117
103
113
105
116
111
114
104
103
113
97
108
108
97
110
104
103
108
109
102
114
105
120
104
105
103
118
112
100
124
112
111
107
119
118
103
94
108
113
112
104
106
109
96
106
103
114
109
115
105
115
103
109
110
117
109
104
104
105
109
108
103
106
110
99
104
124
116
108
107
111
105
98
108
104
111
113
106
105
113
110
110
110
114
108
117
113
112
121
109
107
107
110
104
115
115
106
108
100
111
113
101
100
108
106
106
114
120
113
104
113
96
110
111
116
109
116
108
99
106
111
116
109
111
106
119
105
111
111
119
104
101
102
115
110
104
99
100
110
115
101
109
115
118
114
108
111
102
108
110
103
119
108
109
114
107
104
93
116
114
112
105
108
123
108
117
113
107
108
108
117
113
103
122
94
109
111
112
117
107
106
114
102
109
106
119
108
112
108
103
108
114
107
103
110
108
115
114
110
107
119
114
104
109
106
118
103
112
113
113
99
114
114
102
103
105
102
108
107
112
102
111
118
101
109
108
106
106
104
110
111
101
111
107
111
106
117
104
106
107
108
107
107
108
120
103
117
106
108
105
105
118
102
111
112
108
107
118
111
103
99
103
109
107
110
109
98
108
122
109
99
112
111
113
99
114
110
104
112
96
105
107
109
107
118
107
113
110
105
119
112
109
111
107
117
113
112
107
103
108
114
116
117
116
110
115
104
105
107
112
109
116
109
103
111
113
102
108
108
113
117
99
116
102
115
111
114
110
108
106
110
106
104
109
109
112
121
118
116
123
102
110
110
100
101
105
109
107
107
110
111
107
111
107
112
115
98
115
103
102
114
109
107
114
110
106
103
121
108
106
113
100
109
109
107
103
111
114
113
107
101
100
94
111
104
112
113
111
100
126
113
104
111
109
114
107
116
122
108
110
102
98
118
102
113
106
100
111
105
108
113
111
100
111
117
110
105
108
94
112
114
109
107
117
107
103
102
105
104
103
111
102
113
106
107
116
111
100
113
97
123
108
97
118
111
113
112
96
109
106
111
113
100
118
114
106
111
107
109
112
106
110
115
109
111
116
93
110
101
100
106
110
110
116
109
110
112
111
108
95
99
110
108
103
113
114
101
111
104
97
100
111
111
111
111
105
115
115
114
117
117
112
111
109
108
106
103
120
97
107
112
114
113
107
99
106
115
111
111
110
120
111
112
113
115
108
108
108
107
109
122
108
101
106
110
117
113
112
108
106
107
112
116
107
114
114
107
107
114
106
98
121
105
114
105
114
110
111
121
107
103
102
107
106
108
115
112
105
110
109
117
107
97
102
114
110
107
118
96
113
113
109
106
111
114
108
108
117
112
120
114
121
105
111
105
118
103
111
103
112
100
106
112
113
110
106
103
95
105
99
107
115
116
112
100
115
95
109
105
112
108
101
107
111
114
106
115
103
109
111
105
106
110
103
110
105
107
113
109
107
107
110
102
109
113
111
99
105
102
118
104
104
120
107
111
104
112
119
106
119
102
106
105
113
106
115
111
107
116
117
107
109
105
108
100
99
118
109
124
115
112
103
113
116
109
106
109
108
102
113
114
121
109
109
100
109
97
110
112
112
111
114
118
107
104
93
104
102
102
103
113
108
112
99
103
104
107
106
110
108
103
115
108
102
109
109
118
112
109
110
113
105
103
112
107
103
115
110
116
111
111
111
100
103
113
110
109
115
111
101
115
109
113
114
114
118
110
100
107
115
103
110
100
110
104
114
110
105
117
107
105
103
104
103
110
111
110
105
111
118
109
117
109
106
97
103
110
113
111
102
107
113
111
118
110
103
105
115
109
116
106
125
106
109
110
106
110
103
119
103
103
109
115
99
121
110
108
114
121
104
115
102
112
108
123
100
109
116
116
106
109
110
107
105
123
112
103
108
111
111
108
118
101
106
107
119
109
109
112
106
110
106
115
106
114
103
115
112
112
103
105
108
107
109
