115
134
135
126
131
121
111
124
130
125
139
126
99
137
105
124
136
141
125
99
130
115
133
128
110
112
114
126
129
122
136
108
119
135
137
120
140
133
137
130
106
108
132
121
128
124
119
135
128
126
145
137
136
114
114
114
121
117
125
117
120
114
135
131
134
126
126
135
129
132
134
128
138
140
136
132
116
136
126
132
132
106
111
123
122
133
122
131
113
147
136
131
117
119
122
120
120
141
122
130
131
121
117
150
120
116
119
140
116
154
131
118
122
143
124
122
129
108
130
142
127
141
135
132
118
130
127
135
141
125
129
138
125
116
133
131
127
123
133
126
111
130
136
118
133
142
118
126
122
130
114
131
138
124
123
122
122
137
119
125
129
125
118
129
137
129
119
130
116
123
115
116
118
137
118
132
113
132
122
123
129
116
125
105
135
133
130
124
139
141
119
125
107
136
143
115
119
123
137
130
136
128
145
112
126
112
129
147
129
110
112
117
126
142
132
118
137
140
114
110
148
126
97
122
134
119
130
119
142
109
119
141
121
131
119
130
131
124
126
125
123
116
136
127
128
127
111
123
140
132
138
122
118
125
140
129
127
139
134
123
130
150
118
115
126
112
119
123
108
110
119
124
109
128
114
126
113
118
113
125
122
130
127
121
129
119
149
149
133
131
123
130
128
118
121
114
132
135
120
130
129
130
125
122
129
132
115
129
140
111
112
133
124
108
138
133
116
124
101
131
120
104
135
107
128
147
141
121
130
123
140
118
133
112
141
120
125
116
120
124
118
109
121
104
101
143
118
113
132
126
108
126
121
140
126
122
121
146
145
118
128
120
121
113
116
124
138
118
118
117
118
130
139
106
160
145
139
121
120
108
131
124
109
115
133
108
121
141
128
126
125
128
116
107
135
143
128
138
123
112
102
133
124
129
140
120
143
121
132
131
138
137
140
127
119
126
136
128
132
121
119
125
114
111
127
127
130
129
126
123
106
138
122
138
138
140
122
123
132
125
125
130
134
126
115
127
121
140
124
127
140
128
131
134
127
128
119
146
122
117
131
116
142
116
137
127
109
113
131
115
133
134
140
131
139
121
114
121
116
142
132
137
143
108
111
118
121
119
130
127
124
129
118
124
114
126
127
102
125
129
118
137
132
107
129
135
121
104
124
115
133
133
121
120
118
131
124
142
118
138
118
123
148
121
122
120
124
105
122
112
131
132
120
132
153
130
121
148
140
136
125
115
137
139
133
140
115
138
126
127
119
115
113
140
122
126
112
114
116
131
117
121
128
103
118
126
143
137
108
114
123
121
130
115
130
130
122
129
128
133
113
126
117
122
112
137
122
142
128
112
136
131
152
115
131
122
130
105
128
125
113
123
128
129
132
123
110
99
115
112
122
129
115
133
133
146
125
134
123
143
117
110
133
138
144
123
128
111
132
112
114
123
109
126
128
119
138
115
131
123
114
128
113
107
122
128
133
141
117
113
119
120
119
131
125
123
103
130
117
140
136
120
110
117
115
108
130
124
111
130
127
116
126
133
121
113
123
128
115
132
126
127
125
142
136
140
118
118
111
124
107
136
127
120
145
131
114
118
122
115
140
118
104
138
125
155
128
128
136
142
142
121
128
124
120
131
125
102
123
121
131
123
125
104
123
130
130
117
105
118
136
130
132
120
113
138
117
133
116
114
130
118
125
119
107
130
125
118
129
133
129
134
115
138
138
124
117
101
136
115
116
124
120
124
122
129
141
126
145
122
108
122
119
128
139
128
131
111
142
123
120
114
119
125
144
102
131
132
132
118
123
120
131
150
143
115
120
126
131
125
130
112
137
118
120
129
131
155
117
125
127
124
136
127
129
131
127
137
147
110
119
122
116
145
119
117
130
130
132
141
156
112
145
120
139
109
126
116
124
126
123
128
140
138
116
135
139
129
122
138
116
139
113
125
124
129
136
135
130
139
118
121
113
111
143
119
124
106
126
113
134
116
138
134
127
109
135
123
136
110
120
117
117
134
120
123
140
130
112
151
115
132
135
108
124
118
127
133
119
130
115
128
133
126
117
133
115
114
112
129
127
118
117
133
127
119
112
138
126
118
126
150
105
130
115
122
128
119
122
111
140
115
120
119
116
124
136
128
127
125
144
136
120
114
132
132
127
117
106
124
119
130
141
123
142
119
118
135
110
127
121
130
119
142
136
117
118
122
125
130
115
132
128
132
114
122
114
122
112
132
134
137
113
112
128
118
124
137
134
133
119
131
120
149
123
117
113
144
117
117
