67
67
88
92
80
79
66
91
65
89
78
74
83
86
71
79
69
72
77
92
92
80
89
68
85
86
73
86
96
74
80
81
92
79
84
89
89
92
60
80
88
89
64
80
87
68
62
99
89
90
77
70
90
50
93
65
77
65
116
78
73
69
69
84
67
100
78
99
97
81
109
78
75
88
69
78
83
84
81
90
67
62
96
60
97
91
88
87
84
75
65
87
61
75
86
81
74
62
68
85
86
68
71
66
79
69
104
84
64
95
105
78
85
88
72
98
104
81
105
70
92
101
108
67
66
80
74
97
75
78
78
89
57
86
81
99
75
84
89
91
67
93
84
81
94
85
72
88
104
83
69
92
99
71
108
66
77
103
78
85
75
65
77
69
80
74
68
83
92
99
83
73
81
66
69
81
87
73
75
87
59
87
73
58
75
69
69
81
64
74
88
83
80
88
88
94
85
105
68
79
66
91
70
90
90
71
85
66
71
69
86
85
96
54
81
87
70
71
68
89
100
84
63
94
81
117
101
81
82
85
86
74
92
107
87
77
110
70
81
80
89
74
102
109
86
98
68
77
78
83
84
90
85
71
94
74
95
69
74
72
75
86
94
62
77
68
69
60
90
65
58
81
78
77
92
87
97
76
78
76
103
81
108
82
72
85
93
84
62
83
88
66
88
83
74
114
72
69
70
67
79
83
86
68
70
72
87
84
85
88
64
75
80
116
93
85
90
71
104
72
61
59
107
82
101
85
72
69
88
75
69
82
86
100
112
88
91
77
83
77
78
66
101
77
76
69
72
75
85
93
73
65
93
83
73
74
74
90
93
91
72
85
86
78
76
70
69
94
76
85
73
78
73
80
75
66
101
86
90
102
71
69
102
98
85
84
60
83
69
66
71
66
114
65
77
87
75
89
103
94
75
96
90
94
80
73
80
104
73
59
88
77
74
109
83
82
88
61
81
78
57
84
80
78
72
84
78
108
76
78
81
75
84
78
64
69
93
79
62
87
102
92
71
86
79
91
84
85
77
99
85
71
82
70
74
80
92
81
70
77
84
94
83
60
82
83
73
76
75
65
81
101
78
86
63
95
90
87
86
102
116
93
81
91
79
78
83
90
85
76
83
94
82
78
80
67
69
111
77
86
85
68
76
90
92
82
84
65
98
81
84
77
90
104
81
65
92
110
60
94
80
107
91
73
99
80
70
66
82
87
100
88
73
72
86
72
72
86
92
99
106
73
105
109
65
84
80
106
63
84
104
73
87
80
83
68
92
84
77
87
82
89
84
88
89
67
57
75
85
93
100
79
82
69
73
84
112
71
81
99
84
87
95
75
60
65
77
79
68
85
82
75
67
78
78
77
116
91
87
74
90
78
58
66
77
82
87
80
94
73
90
76
72
81
86
65
79
81
89
81
94
81
65
83
92
95
63
72
81
83
71
78
85
90
83
68
81
74
106
116
93
85
81
95
79
100
81
90
62
62
93
89
81
94
109
89
79
88
87
111
95
72
78
96
95
65
97
83
103
97
71
77
74
118
85
92
94
81
69
67
69
85
88
108
93
83
96
70
102
74
88
75
69
88
82
71
84
73
78
74
74
59
86
67
89
95
97
84
81
98
72
78
96
113
75
81
75
70
107
73
88
62
61
82
86
61
72
70
96
86
77
63
65
63
70
97
97
89
59
87
78
72
90
89
96
83
104
83
90
89
96
86
63
73
87
85
74
74
104
61
87
92
63
64
82
92
75
87
82
81
80
88
73
71
83
85
72
102
83
76
72
80
71
71
74
83
74
65
76
78
110
79
72
88
99
89
65
91
90
78
90
67
71
81
82
73
76
90
104
84
108
78
100
69
64
92
76
95
81
74
101
63
77
92
76
62
93
80
64
104
85
86
83
83
63
87
83
88
75
111
78
68
83
98
79
72
83
83
69
75
84
96
94
81
78
82
98
89
91
88
88
101
79
83
81
104
74
76
66
72
75
100
77
113
98
82
91
70
91
77
100
75
79
86
75
83
80
73
70
83
87
66
68
65
88
73
83
73
94
112
86
91
75
75
87
74
64
68
77
92
70
67
82
81
105
66
74
93
85
76
57
65
75
75
83
87
83
73
76
89
87
89
90
77
78
81
94
67
96
87
78
70
95
80
122
88
107
94
99
97
65
77
61
95
77
84
85
88
57
91
89
76
72
77
82
80
75
90
100
85
90
93
81
76
84
71
90
83
83
79
72
75
93
78
96
97
70
76
82
82
105
64
89
80
84
65
61
97
96
88
