72
71
77
68
67
64
75
68
67
67
65
65
69
59
69
57
75
68
64
61
68
78
64
63
63
62
63
74
67
61
65
59
63
81
67
59
66
77
67
79
55
76
75
70
73
71
61
70
73
67
71
73
74
72
76
78
63
63
68
71
61
67
66
60
73
77
61
68
71
69
66
59
59
63
64
71
68
71
72
61
69
66
75
61
79
72
79
66
73
71
57
69
68
67
68
71
61
75
74
69
72
66
66
70
72
69
73
75
64
63
68
66
65
65
68
66
64
67
71
64
65
66
76
65
73
71
66
69
68
70
64
66
57
71
73
77
63
67
65
66
69
65
62
61
62
67
72
64
79
66
74
74
67
63
67
64
71
76
77
77
72
70
66
72
68
71
61
65
70
64
75
61
64
60
66
77
76
70
59
61
69
65
76
57
52
70
69
69
71
70
70
62
75
67
70
71
62
85
79
63
63
73
64
65
65
70
70
74
65
65
70
62
59
75
71
73
77
73
83
56
71
66
67
70
70
62
69
76
60
63
65
63
74
70
67
63
63
78
66
73
59
71
65
75
73
70
62
65
67
69
64
73
66
56
61
65
60
77
64
77
72
65
61
75
66
68
62
65
71
67
65
60
70
63
79
64
73
66
73
66
65
60
77
69
69
66
63
64
71
66
69
61
56
73
55
73
66
74
75
78
72
77
73
64
64
78
77
69
68
68
59
63
62
59
65
68
58
72
57
78
64
75
69
64
75
69
59
79
61
68
57
67
73
64
79
72
64
63
68
76
65
72
63
65
73
68
57
62
75
58
68
70
74
68
60
69
60
67
70
63
73
75
75
74
62
66
63
66
64
68
66
66
71
69
73
73
67
64
67
75
67
65
67
59
60
72
68
65
75
63
65
65
72
74
77
73
66
72
74
64
65
57
67
58
62
77
69
70
75
75
73
75
72
68
66
72
65
68
68
77
72
74
65
65
65
63
67
63
64
70
60
65
79
69
71
70
65
59
56
77
54
61
76
64
62
68
65
71
74
67
68
63
71
57
63
60
67
69
63
62
74
62
58
56
69
74
63
64
74
64
71
67
68
59
64
73
66
71
75
71
71
62
62
70
81
67
67
52
66
65
73
65
60
70
75
71
75
66
66
73
68
66
75
73
61
58
77
64
72
57
64
65
67
71
66
55
68
64
61
77
77
59
65
57
62
64
64
67
56
66
69
72
79
66
57
61
69
67
70
76
69
69
74
75
69
63
72
65
79
67
75
60
61
66
64
66
62
77
75
62
73
64
80
71
82
75
59
75
73
77
71
70
70
67
69
64
68
68
69
65
64
66
64
74
69
66
69
73
67
63
73
62
62
65
72
65
69
66
73
66
65
68
73
75
65
78
66
73
66
69
63
77
73
64
65
72
66
62
69
72
69
65
71
75
74
66
67
77
65
63
68
68
61
84
66
59
69
64
68
71
69
65
58
66
64
62
62
66
77
74
62
69
67
67
67
66
70
61
75
71
74
58
76
76
80
64
72
66
75
72
73
69
63
79
62
63
64
66
71
78
70
67
75
76
63
69
73
57
67
72
73
72
73
66
65
71
67
71
69
64
74
68
81
69
74
63
64
65
75
64
65
75
67
57
65
71
75
67
68
66
51
66
69
73
69
81
65
68
61
76
65
76
77
68
58
61
69
70
65
67
80
64
68
64
61
66
73
73
64
63
64
62
65
74
79
65
53
55
78
70
60
75
75
67
60
62
67
72
68
69
72
74
69
68
68
76
61
54
80
60
67
78
77
73
67
64
78
77
64
72
66
66
64
65
60
65
60
65
69
66
71
75
79
78
63
63
57
67
67
65
72
75
72
65
77
73
67
76
77
77
70
59
61
67
77
70
57
59
74
69
70
71
74
67
81
61
68
74
72
71
63
74
63
67
63
64
68
60
76
62
65
65
64
73
73
86
75
66
74
75
78
71
79
71
54
70
71
76
65
64
69
71
65
70
61
75
71
63
77
67
72
69
63
63
63
61
65
73
79
76
74
63
69
63
65
79
83
61
65
64
83
68
64
71
72
66
64
67
64
64
63
61
60
61
83
68
56
64
61
70
67
68
84
57
65
66
65
64
68
72
57
62
63
63
73
75
80
76
71
72
68
74
67
74
70
80
70
68
60
66
64
72
68
67
73
71
57
72
81
71
72
64
66
59
61
66
62
73
71
61
76
65
77
57
61
58
72
73
72
65
67
62
72
61
67
68
69
63
67
65
78
64
69
83
70
63
71
62
70
84
