172
132
153
165
114
124
137
114
137
182
125
129
134
125
145
123
145
162
137
159
178
178
125
106
141
142
151
147
125
118
128
145
191
128
167
121
131
175
194
131
187
127
179
162
191
132
142
135
141
144
128
129
189
149
136
124
140
126
141
144
128
221
109
167
128
121
152
153
178
127
115
123
132
126
143
153
159
173
188
143
140
169
144
152
172
151
182
128
133
171
142
176
135
121
140
123
142
120
113
117
158
165
163
148
130
115
167
134
138
149
206
115
132
148
170
138
109
127
147
183
163
143
108
158
139
166
139
113
134
125
135
167
131
201
142
156
134
161
172
166
134
124
131
164
176
119
135
130
159
153
156
137
182
111
153
131
143
124
129
190
159
137
151
155
142
149
183
213
151
175
111
162
121
166
165
105
126
172
159
135
168
171
124
143
143
122
165
117
192
128
137
130
101
130
134
130
147
120
143
105
145
111
145
168
115
142
152
130
167
147
145
144
125
132
139
173
138
163
142
144
136
136
141
172
114
128
131
130
172
164
164
109
123
156
113
113
135
189
108
120
141
135
147
142
125
168
119
178
112
142
119
142
115
117
121
186
210
133
131
204
141
132
138
136
170
154
134
143
132
136
135
151
163
140
155
204
139
184
176
129
170
147
204
148
124
165
141
126
135
157
147
171
162
165
201
184
133
195
153
134
147
117
122
115
142
139
160
164
178
160
135
182
225
128
168
152
159
135
128
130
204
121
148
143
123
146
161
152
136
153
173
135
95
110
164
143
116
133
132
155
142
137
172
159
168
142
151
133
204
135
112
130
128
151
166
178
184
139
141
151
181
145
127
154
163
126
140
202
126
121
135
131
130
185
160
163
210
136
116
174
144
126
126
135
137
199
138
154
152
142
180
168
131
136
201
167
130
108
149
141
123
169
120
148
151
181
153
155
157
157
145
168
142
135
166
117
142
162
176
172
198
171
188
161
125
165
159
130
143
208
122
122
118
153
149
150
167
156
142
146
137
160
146
148
130
142
145
134
165
146
136
131
137
159
169
151
143
183
136
154
182
151
183
139
187
153
157
185
149
147
140
155
161
130
147
120
161
174
169
122
112
139
143
148
114
139
127
127
178
143
201
165
126
133
137
133
164
231
128
169
146
139
159
169
108
147
186
124
128
146
194
127
153
134
140
172
154
160
143
193
136
153
146
172
139
121
153
141
159
150
126
144
134
187
125
143
146
170
160
135
126
163
153
128
165
134
161
142
207
128
156
169
147
151
141
132
136
130
176
156
148
151
147
157
130
171
172
134
190
125
130
153
143
158
145
151
178
143
139
168
171
185
133
147
151
113
161
174
144
142
131
147
138
153
125
133
163
169
153
142
118
132
153
168
121
89
178
127
138
126
147
139
115
129
135
133
123
148
175
156
143
137
158
200
208
132
147
117
157
114
146
159
139
123
156
172
180
138
132
119
156
148
100
142
141
143
165
137
153
122
134
132
137
108
129
154
121
139
155
174
183
175
118
150
173
135
157
177
132
164
176
126
153
131
145
138
151
138
145
152
205
189
135
156
204
135
240
175
131
147
189
207
149
113
247
155
174
145
170
109
155
154
146
140
163
138
129
121
165
207
159
158
117
125
121
164
147
134
144
144
103
140
141
121
154
155
129
181
175
162
130
150
158
201
187
134
172
173
164
142
168
130
150
127
156
124
108
161
148
115
164
136
115
180
147
134
135
137
132
143
173
149
144
174
138
142
169
149
246
135
149
122
123
142
171
179
177
130
125
158
170
140
127
137
199
147
135
148
149
143
113
137
108
108
165
157
132
150
159
173
156
185
132
193
127
113
146
149
158
156
150
123
163
133
154
124
178
142
141
149
148
150
138
148
136
198
185
129
169
155
135
147
148
173
131
155
185
134
122
174
157
122
140
168
162
149
169
110
175
136
169
139
155
122
146
136
148
139
135
116
141
118
145
122
139
177
131
181
153
171
133
185
130
125
127
144
166
178
142
148
161
139
146
168
150
127
143
146
142
181
154
165
168
124
103
179
159
153
118
128
143
127
148
140
148
165
204
169
139
128
145
170
126
130
129
108
142
136
140
121
137
128
120
144
188
168
177
169
131
164
93
122
182
131
148
179
193
141
157
150
124
156
140
180
130
125
142
114
171
122
134
118
142
136
135
177
146
121
146
156
182
135
166
146
149
155
180
199
149
176
214
173
142
122
142
155
110
142
141
149
140
188
104
154
163
151
144
165
131
167
125
126
140
141
125
146
139
129
154
197
